(kicad_pcb (version 20171130) (host pcbnew 5.1.5)

  (general
    (thickness 1.6)
    (drawings 10)
    (tracks 740)
    (zones 0)
    (modules 83)
    (nets 66)
  )

  (page A4)
  (layers
    (0 F.Cu signal)
    (31 B.Cu signal)
    (32 B.Adhes user hide)
    (33 F.Adhes user hide)
    (34 B.Paste user hide)
    (35 F.Paste user hide)
    (36 B.SilkS user)
    (37 F.SilkS user)
    (38 B.Mask user hide)
    (39 F.Mask user hide)
    (40 Dwgs.User user hide)
    (41 Cmts.User user hide)
    (42 Eco1.User user hide)
    (43 Eco2.User user hide)
    (44 Edge.Cuts user)
    (45 Margin user hide)
    (46 B.CrtYd user hide)
    (47 F.CrtYd user)
    (48 B.Fab user hide)
    (49 F.Fab user hide)
  )

  (setup
    (last_trace_width 0.25)
    (trace_clearance 0.2)
    (zone_clearance 0)
    (zone_45_only no)
    (trace_min 0.2)
    (via_size 0.8)
    (via_drill 0.4)
    (via_min_size 0.4)
    (via_min_drill 0.3)
    (uvia_size 0.3)
    (uvia_drill 0.1)
    (uvias_allowed no)
    (uvia_min_size 0.2)
    (uvia_min_drill 0.1)
    (edge_width 0.05)
    (segment_width 0.2)
    (pcb_text_width 0.3)
    (pcb_text_size 1.5 1.5)
    (mod_edge_width 0.12)
    (mod_text_size 1 1)
    (mod_text_width 0.15)
    (pad_size 1.524 1.524)
    (pad_drill 0.762)
    (pad_to_mask_clearance 0.051)
    (solder_mask_min_width 0.25)
    (aux_axis_origin 0 0)
    (visible_elements FFFFFF7F)
    (pcbplotparams
      (layerselection 0x010fc_ffffffff)
      (usegerberextensions false)
      (usegerberattributes false)
      (usegerberadvancedattributes false)
      (creategerberjobfile false)
      (excludeedgelayer true)
      (linewidth 0.100000)
      (plotframeref false)
      (viasonmask false)
      (mode 1)
      (useauxorigin false)
      (hpglpennumber 1)
      (hpglpenspeed 20)
      (hpglpendiameter 15.000000)
      (psnegative false)
      (psa4output false)
      (plotreference true)
      (plotvalue true)
      (plotinvisibletext false)
      (padsonsilk false)
      (subtractmaskfromsilk false)
      (outputformat 1)
      (mirror false)
      (drillshape 1)
      (scaleselection 1)
      (outputdirectory ""))
  )

  (net 0 "")
  (net 1 "Net-(C1-Pad2)")
  (net 2 VDDA)
  (net 3 GNDA)
  (net 4 "Net-(C2-Pad1)")
  (net 5 "Net-(C3-Pad2)")
  (net 6 "Net-(C6-Pad1)")
  (net 7 "Net-(C7-Pad1)")
  (net 8 VDD)
  (net 9 "Net-(C18-Pad1)")
  (net 10 "Net-(C23-Pad1)")
  (net 11 "Net-(C24-Pad1)")
  (net 12 IOVDD)
  (net 13 "Net-(C29-Pad1)")
  (net 14 AIN1N)
  (net 15 AIN1P)
  (net 16 AIN2P)
  (net 17 AIN2N)
  (net 18 AIN3N)
  (net 19 AIN3P)
  (net 20 AIN4P)
  (net 21 AIN4N)
  (net 22 AIN5N)
  (net 23 AIN5P)
  (net 24 "Net-(J1-Pad1)")
  (net 25 "Net-(J2-Pad1)")
  (net 26 "Net-(J3-Pad1)")
  (net 27 "Net-(J4-Pad1)")
  (net 28 "Net-(J5-Pad1)")
  (net 29 "Net-(J6-Pad1)")
  (net 30 "Net-(J6-Pad2)")
  (net 31 "Net-(J6-Pad3)")
  (net 32 "Net-(J6-Pad4)")
  (net 33 "Net-(J6-Pad5)")
  (net 34 "Net-(J6-Pad6)")
  (net 35 "Net-(J6-Pad7)")
  (net 36 "Net-(J6-Pad9)")
  (net 37 "Net-(J6-Pad10)")
  (net 38 "Net-(J6-Pad11)")
  (net 39 "Net-(J6-Pad12)")
  (net 40 "Net-(J6-Pad13)")
  (net 41 "Net-(J6-Pad14)")
  (net 42 "Net-(J6-Pad15)")
  (net 43 "Net-(J6-Pad16)")
  (net 44 "Net-(J6-Pad17)")
  (net 45 "Net-(J6-Pad22)")
  (net 46 "Net-(J6-Pad24)")
  (net 47 "Net-(R1-Pad1)")
  (net 48 "Net-(R2-Pad1)")
  (net 49 "Net-(R3-Pad1)")
  (net 50 "Net-(R4-Pad1)")
  (net 51 "Net-(R5-Pad1)")
  (net 52 "Net-(R6-Pad1)")
  (net 53 "Net-(R7-Pad1)")
  (net 54 "Net-(R8-Pad1)")
  (net 55 "Net-(R9-Pad1)")
  (net 56 ADDR15)
  (net 57 "Net-(R11-Pad1)")
  (net 58 "Net-(R12-Pad1)")
  (net 59 "Net-(R13-Pad1)")
  (net 60 "Net-(R14-Pad1)")
  (net 61 "Net-(R15-Pad1)")
  (net 62 "Net-(R16-Pad1)")
  (net 63 "Net-(R17-Pad1)")
  (net 64 "Net-(R19-Pad1)")
  (net 65 "Net-(R10-Pad1)")

  (net_class Default "This is the default net class."
    (clearance 0.2)
    (trace_width 0.25)
    (via_dia 0.8)
    (via_drill 0.4)
    (uvia_dia 0.3)
    (uvia_drill 0.1)
    (add_net ADDR15)
    (add_net AIN1N)
    (add_net AIN1P)
    (add_net AIN2N)
    (add_net AIN2P)
    (add_net AIN3N)
    (add_net AIN3P)
    (add_net AIN4N)
    (add_net AIN4P)
    (add_net AIN5N)
    (add_net AIN5P)
    (add_net GNDA)
    (add_net IOVDD)
    (add_net "Net-(C1-Pad2)")
    (add_net "Net-(C18-Pad1)")
    (add_net "Net-(C2-Pad1)")
    (add_net "Net-(C23-Pad1)")
    (add_net "Net-(C24-Pad1)")
    (add_net "Net-(C29-Pad1)")
    (add_net "Net-(C3-Pad2)")
    (add_net "Net-(C6-Pad1)")
    (add_net "Net-(C7-Pad1)")
    (add_net "Net-(J1-Pad1)")
    (add_net "Net-(J2-Pad1)")
    (add_net "Net-(J3-Pad1)")
    (add_net "Net-(J4-Pad1)")
    (add_net "Net-(J5-Pad1)")
    (add_net "Net-(J6-Pad1)")
    (add_net "Net-(J6-Pad10)")
    (add_net "Net-(J6-Pad11)")
    (add_net "Net-(J6-Pad12)")
    (add_net "Net-(J6-Pad13)")
    (add_net "Net-(J6-Pad14)")
    (add_net "Net-(J6-Pad15)")
    (add_net "Net-(J6-Pad16)")
    (add_net "Net-(J6-Pad17)")
    (add_net "Net-(J6-Pad2)")
    (add_net "Net-(J6-Pad22)")
    (add_net "Net-(J6-Pad24)")
    (add_net "Net-(J6-Pad3)")
    (add_net "Net-(J6-Pad4)")
    (add_net "Net-(J6-Pad5)")
    (add_net "Net-(J6-Pad6)")
    (add_net "Net-(J6-Pad7)")
    (add_net "Net-(J6-Pad9)")
    (add_net "Net-(R1-Pad1)")
    (add_net "Net-(R10-Pad1)")
    (add_net "Net-(R11-Pad1)")
    (add_net "Net-(R12-Pad1)")
    (add_net "Net-(R13-Pad1)")
    (add_net "Net-(R14-Pad1)")
    (add_net "Net-(R15-Pad1)")
    (add_net "Net-(R16-Pad1)")
    (add_net "Net-(R17-Pad1)")
    (add_net "Net-(R19-Pad1)")
    (add_net "Net-(R2-Pad1)")
    (add_net "Net-(R3-Pad1)")
    (add_net "Net-(R4-Pad1)")
    (add_net "Net-(R5-Pad1)")
    (add_net "Net-(R6-Pad1)")
    (add_net "Net-(R7-Pad1)")
    (add_net "Net-(R8-Pad1)")
    (add_net "Net-(R9-Pad1)")
    (add_net VDD)
    (add_net VDDA)
  )

  (module Connector_PinHeader_2.54mm:PinHeader_2x14_P2.54mm_Vertical (layer F.Cu) (tedit 59FED5CC) (tstamp 5EF7A0AC)
    (at 174.9 92.6 180)
    (descr "Through hole straight pin header, 2x14, 2.54mm pitch, double rows")
    (tags "Through hole pin header THT 2x14 2.54mm double row")
    (path /5F286942)
    (fp_text reference J6 (at 1.27 -2.33) (layer F.SilkS)
      (effects (font (size 1 1) (thickness 0.15)))
    )
    (fp_text value Conn_01x28 (at 1.27 35.35) (layer F.Fab)
      (effects (font (size 1 1) (thickness 0.15)))
    )
    (fp_line (start 0 -1.27) (end 3.81 -1.27) (layer F.Fab) (width 0.1))
    (fp_line (start 3.81 -1.27) (end 3.81 34.29) (layer F.Fab) (width 0.1))
    (fp_line (start 3.81 34.29) (end -1.27 34.29) (layer F.Fab) (width 0.1))
    (fp_line (start -1.27 34.29) (end -1.27 0) (layer F.Fab) (width 0.1))
    (fp_line (start -1.27 0) (end 0 -1.27) (layer F.Fab) (width 0.1))
    (fp_line (start -1.33 34.35) (end 3.87 34.35) (layer F.SilkS) (width 0.12))
    (fp_line (start -1.33 1.27) (end -1.33 34.35) (layer F.SilkS) (width 0.12))
    (fp_line (start 3.87 -1.33) (end 3.87 34.35) (layer F.SilkS) (width 0.12))
    (fp_line (start -1.33 1.27) (end 1.27 1.27) (layer F.SilkS) (width 0.12))
    (fp_line (start 1.27 1.27) (end 1.27 -1.33) (layer F.SilkS) (width 0.12))
    (fp_line (start 1.27 -1.33) (end 3.87 -1.33) (layer F.SilkS) (width 0.12))
    (fp_line (start -1.33 0) (end -1.33 -1.33) (layer F.SilkS) (width 0.12))
    (fp_line (start -1.33 -1.33) (end 0 -1.33) (layer F.SilkS) (width 0.12))
    (fp_line (start -1.8 -1.8) (end -1.8 34.8) (layer F.CrtYd) (width 0.05))
    (fp_line (start -1.8 34.8) (end 4.35 34.8) (layer F.CrtYd) (width 0.05))
    (fp_line (start 4.35 34.8) (end 4.35 -1.8) (layer F.CrtYd) (width 0.05))
    (fp_line (start 4.35 -1.8) (end -1.8 -1.8) (layer F.CrtYd) (width 0.05))
    (fp_text user %R (at 1.27 16.51 90) (layer F.Fab)
      (effects (font (size 1 1) (thickness 0.15)))
    )
    (pad 1 thru_hole rect (at 0 0 180) (size 1.7 1.7) (drill 1) (layers *.Cu *.Mask)
      (net 29 "Net-(J6-Pad1)"))
    (pad 2 thru_hole oval (at 2.54 0 180) (size 1.7 1.7) (drill 1) (layers *.Cu *.Mask)
      (net 30 "Net-(J6-Pad2)"))
    (pad 3 thru_hole oval (at 0 2.54 180) (size 1.7 1.7) (drill 1) (layers *.Cu *.Mask)
      (net 31 "Net-(J6-Pad3)"))
    (pad 4 thru_hole oval (at 2.54 2.54 180) (size 1.7 1.7) (drill 1) (layers *.Cu *.Mask)
      (net 32 "Net-(J6-Pad4)"))
    (pad 5 thru_hole oval (at 0 5.08 180) (size 1.7 1.7) (drill 1) (layers *.Cu *.Mask)
      (net 33 "Net-(J6-Pad5)"))
    (pad 6 thru_hole oval (at 2.54 5.08 180) (size 1.7 1.7) (drill 1) (layers *.Cu *.Mask)
      (net 34 "Net-(J6-Pad6)"))
    (pad 7 thru_hole oval (at 0 7.62 180) (size 1.7 1.7) (drill 1) (layers *.Cu *.Mask)
      (net 35 "Net-(J6-Pad7)"))
    (pad 8 thru_hole oval (at 2.54 7.62 180) (size 1.7 1.7) (drill 1) (layers *.Cu *.Mask)
      (net 56 ADDR15))
    (pad 9 thru_hole oval (at 0 10.16 180) (size 1.7 1.7) (drill 1) (layers *.Cu *.Mask)
      (net 36 "Net-(J6-Pad9)"))
    (pad 10 thru_hole oval (at 2.54 10.16 180) (size 1.7 1.7) (drill 1) (layers *.Cu *.Mask)
      (net 37 "Net-(J6-Pad10)"))
    (pad 11 thru_hole oval (at 0 12.7 180) (size 1.7 1.7) (drill 1) (layers *.Cu *.Mask)
      (net 38 "Net-(J6-Pad11)"))
    (pad 12 thru_hole oval (at 2.54 12.7 180) (size 1.7 1.7) (drill 1) (layers *.Cu *.Mask)
      (net 39 "Net-(J6-Pad12)"))
    (pad 13 thru_hole oval (at 0 15.24 180) (size 1.7 1.7) (drill 1) (layers *.Cu *.Mask)
      (net 40 "Net-(J6-Pad13)"))
    (pad 14 thru_hole oval (at 2.54 15.24 180) (size 1.7 1.7) (drill 1) (layers *.Cu *.Mask)
      (net 41 "Net-(J6-Pad14)"))
    (pad 15 thru_hole oval (at 0 17.78 180) (size 1.7 1.7) (drill 1) (layers *.Cu *.Mask)
      (net 42 "Net-(J6-Pad15)"))
    (pad 16 thru_hole oval (at 2.54 17.78 180) (size 1.7 1.7) (drill 1) (layers *.Cu *.Mask)
      (net 43 "Net-(J6-Pad16)"))
    (pad 17 thru_hole oval (at 0 20.32 180) (size 1.7 1.7) (drill 1) (layers *.Cu *.Mask)
      (net 44 "Net-(J6-Pad17)"))
    (pad 18 thru_hole oval (at 2.54 20.32 180) (size 1.7 1.7) (drill 1) (layers *.Cu *.Mask)
      (net 3 GNDA))
    (pad 19 thru_hole oval (at 0 22.86 180) (size 1.7 1.7) (drill 1) (layers *.Cu *.Mask)
      (net 3 GNDA))
    (pad 20 thru_hole oval (at 2.54 22.86 180) (size 1.7 1.7) (drill 1) (layers *.Cu *.Mask)
      (net 12 IOVDD))
    (pad 21 thru_hole oval (at 0 25.4 180) (size 1.7 1.7) (drill 1) (layers *.Cu *.Mask)
      (net 12 IOVDD))
    (pad 22 thru_hole oval (at 2.54 25.4 180) (size 1.7 1.7) (drill 1) (layers *.Cu *.Mask)
      (net 45 "Net-(J6-Pad22)"))
    (pad 23 thru_hole oval (at 0 27.94 180) (size 1.7 1.7) (drill 1) (layers *.Cu *.Mask)
      (net 45 "Net-(J6-Pad22)"))
    (pad 24 thru_hole oval (at 2.54 27.94 180) (size 1.7 1.7) (drill 1) (layers *.Cu *.Mask)
      (net 46 "Net-(J6-Pad24)"))
    (pad 25 thru_hole oval (at 0 30.48 180) (size 1.7 1.7) (drill 1) (layers *.Cu *.Mask)
      (net 3 GNDA))
    (pad 26 thru_hole oval (at 2.54 30.48 180) (size 1.7 1.7) (drill 1) (layers *.Cu *.Mask)
      (net 3 GNDA))
    (pad 27 thru_hole oval (at 0 33.02 180) (size 1.7 1.7) (drill 1) (layers *.Cu *.Mask)
      (net 2 VDDA))
    (pad 28 thru_hole oval (at 2.54 33.02 180) (size 1.7 1.7) (drill 1) (layers *.Cu *.Mask)
      (net 2 VDDA))
    (model ${KISYS3DMOD}/Connector_PinHeader_2.54mm.3dshapes/PinHeader_2x14_P2.54mm_Vertical.wrl
      (at (xyz 0 0 0))
      (scale (xyz 1 1 1))
      (rotate (xyz 0 0 0))
    )
  )

  (module Connector_Coaxial:MMCX_Molex_73415-0961_Horizontal_1.0mm-PCB (layer F.Cu) (tedit 5B958AF2) (tstamp 5EF8DD1F)
    (at 130.45 88.7)
    (descr "Molex MMCX Horizontal Coaxial https://www.molex.com/pdm_docs/sd/734150961_sd.pdf")
    (tags "Molex MMCX Horizontal Coaxial")
    (path /5EFD56C3)
    (attr smd)
    (fp_text reference J5 (at 0 -3.5) (layer F.SilkS)
      (effects (font (size 1 1) (thickness 0.15)))
    )
    (fp_text value Conn_Coaxial (at 0 3.5) (layer F.Fab)
      (effects (font (size 1 1) (thickness 0.15)))
    )
    (fp_text user %R (at -1.55 0) (layer F.Fab)
      (effects (font (size 1 1) (thickness 0.15)))
    )
    (fp_line (start 0.75 -1.75) (end -3.75 -1.75) (layer Edge.Cuts) (width 0.1))
    (fp_line (start 0.75 1.75) (end 0.75 -1.75) (layer Edge.Cuts) (width 0.1))
    (fp_line (start -3.75 1.75) (end 0.75 1.75) (layer Edge.Cuts) (width 0.1))
    (fp_line (start 3.18 0) (end 3.68 -0.5) (layer F.Fab) (width 0.1))
    (fp_line (start -3.75 -2.25) (end 3.68 -2.25) (layer F.Fab) (width 0.1))
    (fp_line (start -3.75 -2.25) (end -3.75 2.25) (layer F.Fab) (width 0.1))
    (fp_line (start 3.18 0) (end 3.68 0.5) (layer F.Fab) (width 0.1))
    (fp_line (start 3.68 2.25) (end 3.68 0.5) (layer F.Fab) (width 0.1))
    (fp_line (start -3.75 2.25) (end 3.68 2.25) (layer F.Fab) (width 0.1))
    (fp_line (start -3.75 1.75) (end -3.75 -1.75) (layer Dwgs.User) (width 0.1))
    (fp_text user "PCB edge" (at -3.35 0 90) (layer Dwgs.User)
      (effects (font (size 0.4 0.4) (thickness 0.06)))
    )
    (fp_line (start -3.69 -2.56) (end 4.01 -2.56) (layer F.SilkS) (width 0.12))
    (fp_line (start 4.01 2.56) (end 4.01 -2.56) (layer F.SilkS) (width 0.12))
    (fp_line (start -3.69 2.56) (end 4.01 2.56) (layer F.SilkS) (width 0.12))
    (fp_line (start 3.68 -0.5) (end 3.68 -2.25) (layer F.Fab) (width 0.1))
    (fp_line (start 4.21 -0.55) (end 4.21 0.55) (layer F.SilkS) (width 0.12))
    (fp_line (start -4.25 -2.8) (end -4.25 2.8) (layer F.CrtYd) (width 0.05))
    (fp_line (start 4.25 -2.8) (end 4.25 2.8) (layer F.CrtYd) (width 0.05))
    (fp_line (start -4.25 2.8) (end 4.25 2.8) (layer F.CrtYd) (width 0.05))
    (fp_line (start -4.25 -2.8) (end 4.25 -2.8) (layer F.CrtYd) (width 0.05))
    (pad 1 smd rect (at 2.7 0) (size 2.1 1.1) (layers F.Cu F.Paste F.Mask)
      (net 28 "Net-(J5-Pad1)"))
    (pad 2 smd custom (at 2.25 -1.56) (size 3 1.48) (layers F.Cu F.Paste F.Mask)
      (net 22 AIN5N)
      (options (clearance outline) (anchor rect))
      (primitives
        (gr_poly (pts
           (xy -6 -0.74) (xy -6 -0.19) (xy -1.5 -0.19) (xy -1.5 -0.74)) (width 0))
      ))
    (pad 2 smd custom (at 2.25 1.56) (size 3 1.48) (layers F.Cu F.Paste F.Mask)
      (net 22 AIN5N)
      (options (clearance outline) (anchor rect))
      (primitives
        (gr_poly (pts
           (xy -6 0.19) (xy -6 0.74) (xy -1.5 0.74) (xy -1.5 0.19)) (width 0))
      ))
    (model ${KISYS3DMOD}/Connector_Coaxial.3dshapes/MMCX_Molex_73415-0961_Horizontal.wrl
      (at (xyz 0 0 0))
      (scale (xyz 1 1 1))
      (rotate (xyz 0 0 0))
    )
  )

  (module Resistor_SMD:R_0805_2012Metric (layer F.Cu) (tedit 5B36C52B) (tstamp 5EF8DD0F)
    (at 136.5875 86.9 180)
    (descr "Resistor SMD 0805 (2012 Metric), square (rectangular) end terminal, IPC_7351 nominal, (Body size source: https://docs.google.com/spreadsheets/d/1BsfQQcO9C6DZCsRaXUlFlo91Tg2WpOkGARC1WS5S8t0/edit?usp=sharing), generated with kicad-footprint-generator")
    (tags resistor)
    (path /5EFD56CD)
    (attr smd)
    (fp_text reference RIN_52 (at 0 -3.49 90) (layer F.SilkS)
      (effects (font (size 1 1) (thickness 0.15)))
    )
    (fp_text value R (at 0 1.65) (layer F.Fab)
      (effects (font (size 1 1) (thickness 0.15)))
    )
    (fp_text user %R (at 0 0) (layer F.Fab)
      (effects (font (size 0.5 0.5) (thickness 0.08)))
    )
    (fp_line (start 1.68 0.95) (end -1.68 0.95) (layer F.CrtYd) (width 0.05))
    (fp_line (start 1.68 -0.95) (end 1.68 0.95) (layer F.CrtYd) (width 0.05))
    (fp_line (start -1.68 -0.95) (end 1.68 -0.95) (layer F.CrtYd) (width 0.05))
    (fp_line (start -1.68 0.95) (end -1.68 -0.95) (layer F.CrtYd) (width 0.05))
    (fp_line (start -0.258578 0.71) (end 0.258578 0.71) (layer F.SilkS) (width 0.12))
    (fp_line (start -0.258578 -0.71) (end 0.258578 -0.71) (layer F.SilkS) (width 0.12))
    (fp_line (start 1 0.6) (end -1 0.6) (layer F.Fab) (width 0.1))
    (fp_line (start 1 -0.6) (end 1 0.6) (layer F.Fab) (width 0.1))
    (fp_line (start -1 -0.6) (end 1 -0.6) (layer F.Fab) (width 0.1))
    (fp_line (start -1 0.6) (end -1 -0.6) (layer F.Fab) (width 0.1))
    (pad 2 smd roundrect (at 0.9375 0 180) (size 0.975 1.4) (layers F.Cu F.Paste F.Mask) (roundrect_rratio 0.25)
      (net 28 "Net-(J5-Pad1)"))
    (pad 1 smd roundrect (at -0.9375 0 180) (size 0.975 1.4) (layers F.Cu F.Paste F.Mask) (roundrect_rratio 0.25)
      (net 23 AIN5P))
    (model ${KISYS3DMOD}/Resistor_SMD.3dshapes/R_0805_2012Metric.wrl
      (at (xyz 0 0 0))
      (scale (xyz 1 1 1))
      (rotate (xyz 0 0 0))
    )
  )

  (module Resistor_SMD:R_0805_2012Metric (layer F.Cu) (tedit 5B36C52B) (tstamp 5EF8DCF7)
    (at 135.8 89.6375 90)
    (descr "Resistor SMD 0805 (2012 Metric), square (rectangular) end terminal, IPC_7351 nominal, (Body size source: https://docs.google.com/spreadsheets/d/1BsfQQcO9C6DZCsRaXUlFlo91Tg2WpOkGARC1WS5S8t0/edit?usp=sharing), generated with kicad-footprint-generator")
    (tags resistor)
    (path /5EFD56E1)
    (attr smd)
    (fp_text reference RIN_51 (at -1.3125 -0.35 180) (layer F.SilkS)
      (effects (font (size 1 1) (thickness 0.15)))
    )
    (fp_text value 50 (at 2.4375 0 180) (layer F.Fab)
      (effects (font (size 1 1) (thickness 0.15)))
    )
    (fp_text user %R (at 0 0 90) (layer F.Fab)
      (effects (font (size 0.5 0.5) (thickness 0.08)))
    )
    (fp_line (start 1.68 0.95) (end -1.68 0.95) (layer F.CrtYd) (width 0.05))
    (fp_line (start 1.68 -0.95) (end 1.68 0.95) (layer F.CrtYd) (width 0.05))
    (fp_line (start -1.68 -0.95) (end 1.68 -0.95) (layer F.CrtYd) (width 0.05))
    (fp_line (start -1.68 0.95) (end -1.68 -0.95) (layer F.CrtYd) (width 0.05))
    (fp_line (start -0.258578 0.71) (end 0.258578 0.71) (layer F.SilkS) (width 0.12))
    (fp_line (start -0.258578 -0.71) (end 0.258578 -0.71) (layer F.SilkS) (width 0.12))
    (fp_line (start 1 0.6) (end -1 0.6) (layer F.Fab) (width 0.1))
    (fp_line (start 1 -0.6) (end 1 0.6) (layer F.Fab) (width 0.1))
    (fp_line (start -1 -0.6) (end 1 -0.6) (layer F.Fab) (width 0.1))
    (fp_line (start -1 0.6) (end -1 -0.6) (layer F.Fab) (width 0.1))
    (pad 2 smd roundrect (at 0.9375 0 90) (size 0.975 1.4) (layers F.Cu F.Paste F.Mask) (roundrect_rratio 0.25)
      (net 28 "Net-(J5-Pad1)"))
    (pad 1 smd roundrect (at -0.9375 0 90) (size 0.975 1.4) (layers F.Cu F.Paste F.Mask) (roundrect_rratio 0.25)
      (net 22 AIN5N))
    (model ${KISYS3DMOD}/Resistor_SMD.3dshapes/R_0805_2012Metric.wrl
      (at (xyz 0 0 0))
      (scale (xyz 1 1 1))
      (rotate (xyz 0 0 0))
    )
  )

  (module Capacitor_SMD:C_0805_2012Metric (layer F.Cu) (tedit 5B36C52B) (tstamp 5EF8DF55)
    (at 137.75 89.6625 90)
    (descr "Capacitor SMD 0805 (2012 Metric), square (rectangular) end terminal, IPC_7351 nominal, (Body size source: https://docs.google.com/spreadsheets/d/1BsfQQcO9C6DZCsRaXUlFlo91Tg2WpOkGARC1WS5S8t0/edit?usp=sharing), generated with kicad-footprint-generator")
    (tags capacitor)
    (path /5EFD56D7)
    (attr smd)
    (fp_text reference CIN_51 (at 2.5375 -2.3 180) (layer F.SilkS)
      (effects (font (size 1 1) (thickness 0.15)))
    )
    (fp_text value C (at -2.6625 0 180) (layer F.Fab)
      (effects (font (size 1 1) (thickness 0.15)))
    )
    (fp_line (start -1 0.6) (end -1 -0.6) (layer F.Fab) (width 0.1))
    (fp_line (start -1 -0.6) (end 1 -0.6) (layer F.Fab) (width 0.1))
    (fp_line (start 1 -0.6) (end 1 0.6) (layer F.Fab) (width 0.1))
    (fp_line (start 1 0.6) (end -1 0.6) (layer F.Fab) (width 0.1))
    (fp_line (start -0.258578 -0.71) (end 0.258578 -0.71) (layer F.SilkS) (width 0.12))
    (fp_line (start -0.258578 0.71) (end 0.258578 0.71) (layer F.SilkS) (width 0.12))
    (fp_line (start -1.68 0.95) (end -1.68 -0.95) (layer F.CrtYd) (width 0.05))
    (fp_line (start -1.68 -0.95) (end 1.68 -0.95) (layer F.CrtYd) (width 0.05))
    (fp_line (start 1.68 -0.95) (end 1.68 0.95) (layer F.CrtYd) (width 0.05))
    (fp_line (start 1.68 0.95) (end -1.68 0.95) (layer F.CrtYd) (width 0.05))
    (fp_text user %R (at 0 0 90) (layer F.Fab)
      (effects (font (size 0.5 0.5) (thickness 0.08)))
    )
    (pad 1 smd roundrect (at -0.9375 0 90) (size 0.975 1.4) (layers F.Cu F.Paste F.Mask) (roundrect_rratio 0.25)
      (net 22 AIN5N))
    (pad 2 smd roundrect (at 0.9375 0 90) (size 0.975 1.4) (layers F.Cu F.Paste F.Mask) (roundrect_rratio 0.25)
      (net 23 AIN5P))
    (model ${KISYS3DMOD}/Capacitor_SMD.3dshapes/C_0805_2012Metric.wrl
      (at (xyz 0 0 0))
      (scale (xyz 1 1 1))
      (rotate (xyz 0 0 0))
    )
  )

  (module Connector_Coaxial:MMCX_Molex_73415-0961_Horizontal_1.0mm-PCB (layer F.Cu) (tedit 5B958AF2) (tstamp 5EF8D5D9)
    (at 130.45 82.4)
    (descr "Molex MMCX Horizontal Coaxial https://www.molex.com/pdm_docs/sd/734150961_sd.pdf")
    (tags "Molex MMCX Horizontal Coaxial")
    (path /5EFCA95A)
    (attr smd)
    (fp_text reference J4 (at 0 -3.5) (layer F.SilkS)
      (effects (font (size 1 1) (thickness 0.15)))
    )
    (fp_text value Conn_Coaxial (at 0 3.5) (layer F.Fab)
      (effects (font (size 1 1) (thickness 0.15)))
    )
    (fp_line (start -4.25 -2.8) (end 4.25 -2.8) (layer F.CrtYd) (width 0.05))
    (fp_line (start -4.25 2.8) (end 4.25 2.8) (layer F.CrtYd) (width 0.05))
    (fp_line (start 4.25 -2.8) (end 4.25 2.8) (layer F.CrtYd) (width 0.05))
    (fp_line (start -4.25 -2.8) (end -4.25 2.8) (layer F.CrtYd) (width 0.05))
    (fp_line (start 4.21 -0.55) (end 4.21 0.55) (layer F.SilkS) (width 0.12))
    (fp_line (start 3.68 -0.5) (end 3.68 -2.25) (layer F.Fab) (width 0.1))
    (fp_line (start -3.69 2.56) (end 4.01 2.56) (layer F.SilkS) (width 0.12))
    (fp_line (start 4.01 2.56) (end 4.01 -2.56) (layer F.SilkS) (width 0.12))
    (fp_line (start -3.69 -2.56) (end 4.01 -2.56) (layer F.SilkS) (width 0.12))
    (fp_text user "PCB edge" (at -3.35 0 90) (layer Dwgs.User)
      (effects (font (size 0.4 0.4) (thickness 0.06)))
    )
    (fp_line (start -3.75 1.75) (end -3.75 -1.75) (layer Dwgs.User) (width 0.1))
    (fp_line (start -3.75 2.25) (end 3.68 2.25) (layer F.Fab) (width 0.1))
    (fp_line (start 3.68 2.25) (end 3.68 0.5) (layer F.Fab) (width 0.1))
    (fp_line (start 3.18 0) (end 3.68 0.5) (layer F.Fab) (width 0.1))
    (fp_line (start -3.75 -2.25) (end -3.75 2.25) (layer F.Fab) (width 0.1))
    (fp_line (start -3.75 -2.25) (end 3.68 -2.25) (layer F.Fab) (width 0.1))
    (fp_line (start 3.18 0) (end 3.68 -0.5) (layer F.Fab) (width 0.1))
    (fp_line (start -3.75 1.75) (end 0.75 1.75) (layer Edge.Cuts) (width 0.1))
    (fp_line (start 0.75 1.75) (end 0.75 -1.75) (layer Edge.Cuts) (width 0.1))
    (fp_line (start 0.75 -1.75) (end -3.75 -1.75) (layer Edge.Cuts) (width 0.1))
    (fp_text user %R (at -1.55 0) (layer F.Fab)
      (effects (font (size 1 1) (thickness 0.15)))
    )
    (pad 2 smd custom (at 2.25 1.56) (size 3 1.48) (layers F.Cu F.Paste F.Mask)
      (net 21 AIN4N)
      (options (clearance outline) (anchor rect))
      (primitives
        (gr_poly (pts
           (xy -6 0.19) (xy -6 0.74) (xy -1.5 0.74) (xy -1.5 0.19)) (width 0))
      ))
    (pad 2 smd custom (at 2.25 -1.56) (size 3 1.48) (layers F.Cu F.Paste F.Mask)
      (net 21 AIN4N)
      (options (clearance outline) (anchor rect))
      (primitives
        (gr_poly (pts
           (xy -6 -0.74) (xy -6 -0.19) (xy -1.5 -0.19) (xy -1.5 -0.74)) (width 0))
      ))
    (pad 1 smd rect (at 2.7 0) (size 2.1 1.1) (layers F.Cu F.Paste F.Mask)
      (net 27 "Net-(J4-Pad1)"))
    (model ${KISYS3DMOD}/Connector_Coaxial.3dshapes/MMCX_Molex_73415-0961_Horizontal.wrl
      (at (xyz 0 0 0))
      (scale (xyz 1 1 1))
      (rotate (xyz 0 0 0))
    )
  )

  (module Resistor_SMD:R_0805_2012Metric (layer F.Cu) (tedit 5B36C52B) (tstamp 5EF8D761)
    (at 135.8 83.3375 90)
    (descr "Resistor SMD 0805 (2012 Metric), square (rectangular) end terminal, IPC_7351 nominal, (Body size source: https://docs.google.com/spreadsheets/d/1BsfQQcO9C6DZCsRaXUlFlo91Tg2WpOkGARC1WS5S8t0/edit?usp=sharing), generated with kicad-footprint-generator")
    (tags resistor)
    (path /5EFCA978)
    (attr smd)
    (fp_text reference RIN_41 (at -2.4625 -1.4 180) (layer F.SilkS)
      (effects (font (size 1 1) (thickness 0.15)))
    )
    (fp_text value 50 (at 2.4375 0 180) (layer F.Fab)
      (effects (font (size 1 1) (thickness 0.15)))
    )
    (fp_line (start -1 0.6) (end -1 -0.6) (layer F.Fab) (width 0.1))
    (fp_line (start -1 -0.6) (end 1 -0.6) (layer F.Fab) (width 0.1))
    (fp_line (start 1 -0.6) (end 1 0.6) (layer F.Fab) (width 0.1))
    (fp_line (start 1 0.6) (end -1 0.6) (layer F.Fab) (width 0.1))
    (fp_line (start -0.258578 -0.71) (end 0.258578 -0.71) (layer F.SilkS) (width 0.12))
    (fp_line (start -0.258578 0.71) (end 0.258578 0.71) (layer F.SilkS) (width 0.12))
    (fp_line (start -1.68 0.95) (end -1.68 -0.95) (layer F.CrtYd) (width 0.05))
    (fp_line (start -1.68 -0.95) (end 1.68 -0.95) (layer F.CrtYd) (width 0.05))
    (fp_line (start 1.68 -0.95) (end 1.68 0.95) (layer F.CrtYd) (width 0.05))
    (fp_line (start 1.68 0.95) (end -1.68 0.95) (layer F.CrtYd) (width 0.05))
    (fp_text user %R (at 0 0 90) (layer F.Fab)
      (effects (font (size 0.5 0.5) (thickness 0.08)))
    )
    (pad 1 smd roundrect (at -0.9375 0 90) (size 0.975 1.4) (layers F.Cu F.Paste F.Mask) (roundrect_rratio 0.25)
      (net 21 AIN4N))
    (pad 2 smd roundrect (at 0.9375 0 90) (size 0.975 1.4) (layers F.Cu F.Paste F.Mask) (roundrect_rratio 0.25)
      (net 27 "Net-(J4-Pad1)"))
    (model ${KISYS3DMOD}/Resistor_SMD.3dshapes/R_0805_2012Metric.wrl
      (at (xyz 0 0 0))
      (scale (xyz 1 1 1))
      (rotate (xyz 0 0 0))
    )
  )

  (module Resistor_SMD:R_0805_2012Metric (layer F.Cu) (tedit 5B36C52B) (tstamp 5EF8D5B3)
    (at 136.5875 80.6 180)
    (descr "Resistor SMD 0805 (2012 Metric), square (rectangular) end terminal, IPC_7351 nominal, (Body size source: https://docs.google.com/spreadsheets/d/1BsfQQcO9C6DZCsRaXUlFlo91Tg2WpOkGARC1WS5S8t0/edit?usp=sharing), generated with kicad-footprint-generator")
    (tags resistor)
    (path /5EFCA964)
    (attr smd)
    (fp_text reference RIN_42 (at 0 -3.49 90) (layer F.SilkS)
      (effects (font (size 1 1) (thickness 0.15)))
    )
    (fp_text value R (at 0 1.65) (layer F.Fab)
      (effects (font (size 1 1) (thickness 0.15)))
    )
    (fp_line (start -1 0.6) (end -1 -0.6) (layer F.Fab) (width 0.1))
    (fp_line (start -1 -0.6) (end 1 -0.6) (layer F.Fab) (width 0.1))
    (fp_line (start 1 -0.6) (end 1 0.6) (layer F.Fab) (width 0.1))
    (fp_line (start 1 0.6) (end -1 0.6) (layer F.Fab) (width 0.1))
    (fp_line (start -0.258578 -0.71) (end 0.258578 -0.71) (layer F.SilkS) (width 0.12))
    (fp_line (start -0.258578 0.71) (end 0.258578 0.71) (layer F.SilkS) (width 0.12))
    (fp_line (start -1.68 0.95) (end -1.68 -0.95) (layer F.CrtYd) (width 0.05))
    (fp_line (start -1.68 -0.95) (end 1.68 -0.95) (layer F.CrtYd) (width 0.05))
    (fp_line (start 1.68 -0.95) (end 1.68 0.95) (layer F.CrtYd) (width 0.05))
    (fp_line (start 1.68 0.95) (end -1.68 0.95) (layer F.CrtYd) (width 0.05))
    (fp_text user %R (at 0 0) (layer F.Fab)
      (effects (font (size 0.5 0.5) (thickness 0.08)))
    )
    (pad 1 smd roundrect (at -0.9375 0 180) (size 0.975 1.4) (layers F.Cu F.Paste F.Mask) (roundrect_rratio 0.25)
      (net 20 AIN4P))
    (pad 2 smd roundrect (at 0.9375 0 180) (size 0.975 1.4) (layers F.Cu F.Paste F.Mask) (roundrect_rratio 0.25)
      (net 27 "Net-(J4-Pad1)"))
    (model ${KISYS3DMOD}/Resistor_SMD.3dshapes/R_0805_2012Metric.wrl
      (at (xyz 0 0 0))
      (scale (xyz 1 1 1))
      (rotate (xyz 0 0 0))
    )
  )

  (module Capacitor_SMD:C_0805_2012Metric (layer F.Cu) (tedit 5B36C52B) (tstamp 5EF8D59F)
    (at 137.75 83.3625 90)
    (descr "Capacitor SMD 0805 (2012 Metric), square (rectangular) end terminal, IPC_7351 nominal, (Body size source: https://docs.google.com/spreadsheets/d/1BsfQQcO9C6DZCsRaXUlFlo91Tg2WpOkGARC1WS5S8t0/edit?usp=sharing), generated with kicad-footprint-generator")
    (tags capacitor)
    (path /5EFCA96E)
    (attr smd)
    (fp_text reference CIN_41 (at 2.5375 -2.3 180) (layer F.SilkS)
      (effects (font (size 1 1) (thickness 0.15)))
    )
    (fp_text value C (at -2.6625 0 180) (layer F.Fab)
      (effects (font (size 1 1) (thickness 0.15)))
    )
    (fp_text user %R (at 0 0 90) (layer F.Fab)
      (effects (font (size 0.5 0.5) (thickness 0.08)))
    )
    (fp_line (start 1.68 0.95) (end -1.68 0.95) (layer F.CrtYd) (width 0.05))
    (fp_line (start 1.68 -0.95) (end 1.68 0.95) (layer F.CrtYd) (width 0.05))
    (fp_line (start -1.68 -0.95) (end 1.68 -0.95) (layer F.CrtYd) (width 0.05))
    (fp_line (start -1.68 0.95) (end -1.68 -0.95) (layer F.CrtYd) (width 0.05))
    (fp_line (start -0.258578 0.71) (end 0.258578 0.71) (layer F.SilkS) (width 0.12))
    (fp_line (start -0.258578 -0.71) (end 0.258578 -0.71) (layer F.SilkS) (width 0.12))
    (fp_line (start 1 0.6) (end -1 0.6) (layer F.Fab) (width 0.1))
    (fp_line (start 1 -0.6) (end 1 0.6) (layer F.Fab) (width 0.1))
    (fp_line (start -1 -0.6) (end 1 -0.6) (layer F.Fab) (width 0.1))
    (fp_line (start -1 0.6) (end -1 -0.6) (layer F.Fab) (width 0.1))
    (pad 2 smd roundrect (at 0.9375 0 90) (size 0.975 1.4) (layers F.Cu F.Paste F.Mask) (roundrect_rratio 0.25)
      (net 20 AIN4P))
    (pad 1 smd roundrect (at -0.9375 0 90) (size 0.975 1.4) (layers F.Cu F.Paste F.Mask) (roundrect_rratio 0.25)
      (net 21 AIN4N))
    (model ${KISYS3DMOD}/Capacitor_SMD.3dshapes/C_0805_2012Metric.wrl
      (at (xyz 0 0 0))
      (scale (xyz 1 1 1))
      (rotate (xyz 0 0 0))
    )
  )

  (module Resistor_SMD:R_0805_2012Metric (layer F.Cu) (tedit 5B36C52B) (tstamp 5EF8CB84)
    (at 136.5875 74.25 180)
    (descr "Resistor SMD 0805 (2012 Metric), square (rectangular) end terminal, IPC_7351 nominal, (Body size source: https://docs.google.com/spreadsheets/d/1BsfQQcO9C6DZCsRaXUlFlo91Tg2WpOkGARC1WS5S8t0/edit?usp=sharing), generated with kicad-footprint-generator")
    (tags resistor)
    (path /5EFC1B55)
    (attr smd)
    (fp_text reference RIN_32 (at 0 -3.49 90) (layer F.SilkS)
      (effects (font (size 1 1) (thickness 0.15)))
    )
    (fp_text value R (at 0 1.65) (layer F.Fab)
      (effects (font (size 1 1) (thickness 0.15)))
    )
    (fp_text user %R (at 0 0) (layer F.Fab)
      (effects (font (size 0.5 0.5) (thickness 0.08)))
    )
    (fp_line (start 1.68 0.95) (end -1.68 0.95) (layer F.CrtYd) (width 0.05))
    (fp_line (start 1.68 -0.95) (end 1.68 0.95) (layer F.CrtYd) (width 0.05))
    (fp_line (start -1.68 -0.95) (end 1.68 -0.95) (layer F.CrtYd) (width 0.05))
    (fp_line (start -1.68 0.95) (end -1.68 -0.95) (layer F.CrtYd) (width 0.05))
    (fp_line (start -0.258578 0.71) (end 0.258578 0.71) (layer F.SilkS) (width 0.12))
    (fp_line (start -0.258578 -0.71) (end 0.258578 -0.71) (layer F.SilkS) (width 0.12))
    (fp_line (start 1 0.6) (end -1 0.6) (layer F.Fab) (width 0.1))
    (fp_line (start 1 -0.6) (end 1 0.6) (layer F.Fab) (width 0.1))
    (fp_line (start -1 -0.6) (end 1 -0.6) (layer F.Fab) (width 0.1))
    (fp_line (start -1 0.6) (end -1 -0.6) (layer F.Fab) (width 0.1))
    (pad 2 smd roundrect (at 0.9375 0 180) (size 0.975 1.4) (layers F.Cu F.Paste F.Mask) (roundrect_rratio 0.25)
      (net 26 "Net-(J3-Pad1)"))
    (pad 1 smd roundrect (at -0.9375 0 180) (size 0.975 1.4) (layers F.Cu F.Paste F.Mask) (roundrect_rratio 0.25)
      (net 19 AIN3P))
    (model ${KISYS3DMOD}/Resistor_SMD.3dshapes/R_0805_2012Metric.wrl
      (at (xyz 0 0 0))
      (scale (xyz 1 1 1))
      (rotate (xyz 0 0 0))
    )
  )

  (module Capacitor_SMD:C_0805_2012Metric (layer F.Cu) (tedit 5B36C52B) (tstamp 5EF8C6F2)
    (at 137.75 77.0125 90)
    (descr "Capacitor SMD 0805 (2012 Metric), square (rectangular) end terminal, IPC_7351 nominal, (Body size source: https://docs.google.com/spreadsheets/d/1BsfQQcO9C6DZCsRaXUlFlo91Tg2WpOkGARC1WS5S8t0/edit?usp=sharing), generated with kicad-footprint-generator")
    (tags capacitor)
    (path /5EFC1B5F)
    (attr smd)
    (fp_text reference CIN_31 (at 2.5375 -2.3 180) (layer F.SilkS)
      (effects (font (size 1 1) (thickness 0.15)))
    )
    (fp_text value C (at -2.6625 0 180) (layer F.Fab)
      (effects (font (size 1 1) (thickness 0.15)))
    )
    (fp_line (start -1 0.6) (end -1 -0.6) (layer F.Fab) (width 0.1))
    (fp_line (start -1 -0.6) (end 1 -0.6) (layer F.Fab) (width 0.1))
    (fp_line (start 1 -0.6) (end 1 0.6) (layer F.Fab) (width 0.1))
    (fp_line (start 1 0.6) (end -1 0.6) (layer F.Fab) (width 0.1))
    (fp_line (start -0.258578 -0.71) (end 0.258578 -0.71) (layer F.SilkS) (width 0.12))
    (fp_line (start -0.258578 0.71) (end 0.258578 0.71) (layer F.SilkS) (width 0.12))
    (fp_line (start -1.68 0.95) (end -1.68 -0.95) (layer F.CrtYd) (width 0.05))
    (fp_line (start -1.68 -0.95) (end 1.68 -0.95) (layer F.CrtYd) (width 0.05))
    (fp_line (start 1.68 -0.95) (end 1.68 0.95) (layer F.CrtYd) (width 0.05))
    (fp_line (start 1.68 0.95) (end -1.68 0.95) (layer F.CrtYd) (width 0.05))
    (fp_text user %R (at 0 0 90) (layer F.Fab)
      (effects (font (size 0.5 0.5) (thickness 0.08)))
    )
    (pad 1 smd roundrect (at -0.9375 0 90) (size 0.975 1.4) (layers F.Cu F.Paste F.Mask) (roundrect_rratio 0.25)
      (net 18 AIN3N))
    (pad 2 smd roundrect (at 0.9375 0 90) (size 0.975 1.4) (layers F.Cu F.Paste F.Mask) (roundrect_rratio 0.25)
      (net 19 AIN3P))
    (model ${KISYS3DMOD}/Capacitor_SMD.3dshapes/C_0805_2012Metric.wrl
      (at (xyz 0 0 0))
      (scale (xyz 1 1 1))
      (rotate (xyz 0 0 0))
    )
  )

  (module Connector_Coaxial:MMCX_Molex_73415-0961_Horizontal_1.0mm-PCB (layer F.Cu) (tedit 5B958AF2) (tstamp 5EF8C6D7)
    (at 130.45 76.05)
    (descr "Molex MMCX Horizontal Coaxial https://www.molex.com/pdm_docs/sd/734150961_sd.pdf")
    (tags "Molex MMCX Horizontal Coaxial")
    (path /5EFC1B4B)
    (attr smd)
    (fp_text reference J3 (at 0 -3.5) (layer F.SilkS)
      (effects (font (size 1 1) (thickness 0.15)))
    )
    (fp_text value Conn_Coaxial (at 0 3.5) (layer F.Fab)
      (effects (font (size 1 1) (thickness 0.15)))
    )
    (fp_text user %R (at -1.55 0) (layer F.Fab)
      (effects (font (size 1 1) (thickness 0.15)))
    )
    (fp_line (start 0.75 -1.75) (end -3.75 -1.75) (layer Edge.Cuts) (width 0.1))
    (fp_line (start 0.75 1.75) (end 0.75 -1.75) (layer Edge.Cuts) (width 0.1))
    (fp_line (start -3.75 1.75) (end 0.75 1.75) (layer Edge.Cuts) (width 0.1))
    (fp_line (start 3.18 0) (end 3.68 -0.5) (layer F.Fab) (width 0.1))
    (fp_line (start -3.75 -2.25) (end 3.68 -2.25) (layer F.Fab) (width 0.1))
    (fp_line (start -3.75 -2.25) (end -3.75 2.25) (layer F.Fab) (width 0.1))
    (fp_line (start 3.18 0) (end 3.68 0.5) (layer F.Fab) (width 0.1))
    (fp_line (start 3.68 2.25) (end 3.68 0.5) (layer F.Fab) (width 0.1))
    (fp_line (start -3.75 2.25) (end 3.68 2.25) (layer F.Fab) (width 0.1))
    (fp_line (start -3.75 1.75) (end -3.75 -1.75) (layer Dwgs.User) (width 0.1))
    (fp_text user "PCB edge" (at -3.35 0 90) (layer Dwgs.User)
      (effects (font (size 0.4 0.4) (thickness 0.06)))
    )
    (fp_line (start -3.69 -2.56) (end 4.01 -2.56) (layer F.SilkS) (width 0.12))
    (fp_line (start 4.01 2.56) (end 4.01 -2.56) (layer F.SilkS) (width 0.12))
    (fp_line (start -3.69 2.56) (end 4.01 2.56) (layer F.SilkS) (width 0.12))
    (fp_line (start 3.68 -0.5) (end 3.68 -2.25) (layer F.Fab) (width 0.1))
    (fp_line (start 4.21 -0.55) (end 4.21 0.55) (layer F.SilkS) (width 0.12))
    (fp_line (start -4.25 -2.8) (end -4.25 2.8) (layer F.CrtYd) (width 0.05))
    (fp_line (start 4.25 -2.8) (end 4.25 2.8) (layer F.CrtYd) (width 0.05))
    (fp_line (start -4.25 2.8) (end 4.25 2.8) (layer F.CrtYd) (width 0.05))
    (fp_line (start -4.25 -2.8) (end 4.25 -2.8) (layer F.CrtYd) (width 0.05))
    (pad 1 smd rect (at 2.7 0) (size 2.1 1.1) (layers F.Cu F.Paste F.Mask)
      (net 26 "Net-(J3-Pad1)"))
    (pad 2 smd custom (at 2.25 -1.56) (size 3 1.48) (layers F.Cu F.Paste F.Mask)
      (net 18 AIN3N)
      (options (clearance outline) (anchor rect))
      (primitives
        (gr_poly (pts
           (xy -6 -0.74) (xy -6 -0.19) (xy -1.5 -0.19) (xy -1.5 -0.74)) (width 0))
      ))
    (pad 2 smd custom (at 2.25 1.56) (size 3 1.48) (layers F.Cu F.Paste F.Mask)
      (net 18 AIN3N)
      (options (clearance outline) (anchor rect))
      (primitives
        (gr_poly (pts
           (xy -6 0.19) (xy -6 0.74) (xy -1.5 0.74) (xy -1.5 0.19)) (width 0))
      ))
    (model ${KISYS3DMOD}/Connector_Coaxial.3dshapes/MMCX_Molex_73415-0961_Horizontal.wrl
      (at (xyz 0 0 0))
      (scale (xyz 1 1 1))
      (rotate (xyz 0 0 0))
    )
  )

  (module Resistor_SMD:R_0805_2012Metric (layer F.Cu) (tedit 5B36C52B) (tstamp 5EF8C6BF)
    (at 135.8 76.9875 90)
    (descr "Resistor SMD 0805 (2012 Metric), square (rectangular) end terminal, IPC_7351 nominal, (Body size source: https://docs.google.com/spreadsheets/d/1BsfQQcO9C6DZCsRaXUlFlo91Tg2WpOkGARC1WS5S8t0/edit?usp=sharing), generated with kicad-footprint-generator")
    (tags resistor)
    (path /5EFC1B69)
    (attr smd)
    (fp_text reference RIN_31 (at -2.4625 -1.4 180) (layer F.SilkS)
      (effects (font (size 1 1) (thickness 0.15)))
    )
    (fp_text value 50 (at 2.4375 0 180) (layer F.Fab)
      (effects (font (size 1 1) (thickness 0.15)))
    )
    (fp_text user %R (at 0 0 90) (layer F.Fab)
      (effects (font (size 0.5 0.5) (thickness 0.08)))
    )
    (fp_line (start 1.68 0.95) (end -1.68 0.95) (layer F.CrtYd) (width 0.05))
    (fp_line (start 1.68 -0.95) (end 1.68 0.95) (layer F.CrtYd) (width 0.05))
    (fp_line (start -1.68 -0.95) (end 1.68 -0.95) (layer F.CrtYd) (width 0.05))
    (fp_line (start -1.68 0.95) (end -1.68 -0.95) (layer F.CrtYd) (width 0.05))
    (fp_line (start -0.258578 0.71) (end 0.258578 0.71) (layer F.SilkS) (width 0.12))
    (fp_line (start -0.258578 -0.71) (end 0.258578 -0.71) (layer F.SilkS) (width 0.12))
    (fp_line (start 1 0.6) (end -1 0.6) (layer F.Fab) (width 0.1))
    (fp_line (start 1 -0.6) (end 1 0.6) (layer F.Fab) (width 0.1))
    (fp_line (start -1 -0.6) (end 1 -0.6) (layer F.Fab) (width 0.1))
    (fp_line (start -1 0.6) (end -1 -0.6) (layer F.Fab) (width 0.1))
    (pad 2 smd roundrect (at 0.9375 0 90) (size 0.975 1.4) (layers F.Cu F.Paste F.Mask) (roundrect_rratio 0.25)
      (net 26 "Net-(J3-Pad1)"))
    (pad 1 smd roundrect (at -0.9375 0 90) (size 0.975 1.4) (layers F.Cu F.Paste F.Mask) (roundrect_rratio 0.25)
      (net 18 AIN3N))
    (model ${KISYS3DMOD}/Resistor_SMD.3dshapes/R_0805_2012Metric.wrl
      (at (xyz 0 0 0))
      (scale (xyz 1 1 1))
      (rotate (xyz 0 0 0))
    )
  )

  (module Resistor_SMD:R_0805_2012Metric (layer F.Cu) (tedit 5B36C52B) (tstamp 5EF8B54D)
    (at 135.8 70.6875 90)
    (descr "Resistor SMD 0805 (2012 Metric), square (rectangular) end terminal, IPC_7351 nominal, (Body size source: https://docs.google.com/spreadsheets/d/1BsfQQcO9C6DZCsRaXUlFlo91Tg2WpOkGARC1WS5S8t0/edit?usp=sharing), generated with kicad-footprint-generator")
    (tags resistor)
    (path /5EFB8E8A)
    (attr smd)
    (fp_text reference RIN_21 (at -2.4625 -1.4 180) (layer F.SilkS)
      (effects (font (size 1 1) (thickness 0.15)))
    )
    (fp_text value 50 (at 2.4375 0 180) (layer F.Fab)
      (effects (font (size 1 1) (thickness 0.15)))
    )
    (fp_line (start -1 0.6) (end -1 -0.6) (layer F.Fab) (width 0.1))
    (fp_line (start -1 -0.6) (end 1 -0.6) (layer F.Fab) (width 0.1))
    (fp_line (start 1 -0.6) (end 1 0.6) (layer F.Fab) (width 0.1))
    (fp_line (start 1 0.6) (end -1 0.6) (layer F.Fab) (width 0.1))
    (fp_line (start -0.258578 -0.71) (end 0.258578 -0.71) (layer F.SilkS) (width 0.12))
    (fp_line (start -0.258578 0.71) (end 0.258578 0.71) (layer F.SilkS) (width 0.12))
    (fp_line (start -1.68 0.95) (end -1.68 -0.95) (layer F.CrtYd) (width 0.05))
    (fp_line (start -1.68 -0.95) (end 1.68 -0.95) (layer F.CrtYd) (width 0.05))
    (fp_line (start 1.68 -0.95) (end 1.68 0.95) (layer F.CrtYd) (width 0.05))
    (fp_line (start 1.68 0.95) (end -1.68 0.95) (layer F.CrtYd) (width 0.05))
    (fp_text user %R (at 0 0 90) (layer F.Fab)
      (effects (font (size 0.5 0.5) (thickness 0.08)))
    )
    (pad 1 smd roundrect (at -0.9375 0 90) (size 0.975 1.4) (layers F.Cu F.Paste F.Mask) (roundrect_rratio 0.25)
      (net 17 AIN2N))
    (pad 2 smd roundrect (at 0.9375 0 90) (size 0.975 1.4) (layers F.Cu F.Paste F.Mask) (roundrect_rratio 0.25)
